Q = [ %12x12
1.46745714 1.10947419 0.979058577 0.662456317 -0.085792839 -0.0506510999 -0.0506712613 -0.0506881972 -0.467780499 -0.34218325 -0.342319455 -0.342433868 ;
1.10947419 1.45067917 0.721532374 0.916373436 -0.329001385 -0.42601436 -0.329127113 -0.329237117 -0.0586731955 -0.131612001 -0.0586956174 -0.0587152353 ;
0.979058577 0.721532374 1.3182742 1.0016228 0.288010548 0.288005971 0.370707135 0.28821691 -0.0220927793 -0.0220924283 -0.0588436411 -0.022108609 ;
0.662456317 0.916373436 1.0016228 1.4085598 0.0269801493 0.0269797206 0.0269904597 0.0307772103 0.32707157 0.327066373 0.327196561 0.442504159 ;
-0.085792839 -0.329001385 0.288010548 0.0269801493 2.04784501 1.39543712 1.35827447 1.00238975 -0.063826092 -0.33543942 0.293646457 0.027508108 ;
-0.0506510999 -0.42601436 0.288005971 0.0269797206 1.39543712 1.61902648 1.33960629 1.27867769 -0.00885495275 -0.089080529 0.0503499286 0.00471666265 ;
-0.0506712613 -0.329127113 0.370707135 0.0269904597 1.35827447 1.33960629 1.66778866 1.31445995 -0.00333424002 -0.0216570254 0.0246173313 0.00177601009 ;
-0.0506881972 -0.329237117 0.28821691 0.0307772103 1.00238975 1.27867769 1.31445995 2.00951353 0.0493616084 0.320620471 -0.280673825 -0.0334527229 ;
-0.467780499 -0.0586731955 -0.0220927793 0.32707157 -0.063826092 -0.00885495275 -0.00333424002 0.0493616084 1.64309617 1.38526864 1.29228285 1.33178975 ;
-0.34218325 -0.131612001 -0.0220924283 0.327066373 -0.33543942 -0.089080529 -0.0216570254 0.320620471 1.38526864 2.05465685 1.05341416 1.30940826 ;
-0.342319455 -0.0586956174 -0.0588436411 0.327196561 0.293646457 0.0503499286 0.0246173313 -0.280673825 1.29228285 1.05341416 1.93277683 1.35914274 ;
-0.342433868 -0.0587152353 -0.022108609 0.442504159 0.027508108 0.00471666265 0.00177601009 -0.0334527229 1.33178975 1.30940826 1.35914274 1.65057734 ];
c = [ %12
-0.563947626 -0.586859993 -0.542240053 -0.562849994 0.0209130605 0.0204128135 0.00119185561 -0.027288283 0.0361021149 -0.0237811154 0.110079746 0.0408423224 ]';

x = zeros(size(c));
nc = size(x)(1)/3;
%qp(x,Q,c,zeros(0,size(x)(1)),[],zeros(size(x)),[],[],zeros(0,size(x)(1)),[])
qp(x,Q,c,[eye(nc,nc) zeros(nc,2*nc)],zeros(nc,1),[],[],[],zeros(0,size(x)(1)),[])
